0,313
0,491
0,522
0,268
0,267
0,266
0,262
0,261
0,260
0,259
0,258
0,255
0,254
0,245
0,481
0,243
0,388
0,230
0,229
0,227
0,225
0,224
0,544
0,542
0,541
0,543
0,539
0,217
0,540
0,537
0,536
0,209
0,208
0,207
0,206
0,205
0,534
0,201
0,200
0,199
0,198
0,197
0,194
0,193
0,192
0,63
0,62
0,61
0,60
0,59
0,58
0,57
0,56
0,55
0,54
0,53
0,52
0,51
0,50
0,49
0,48
0,46
0,45
27,34
27,33
27,32
27,31
27,30
27,29
27,28
27,27
27,26
27,25
27,24
27,23
27,22
27,21
27,20
27,19
27,18
27,17
27,16
27,15
27,14
27,13
27,12
27,11
27,10
27,9
27,8
27,7
27,6
27,5
27,4
27,3
0,6
0,244
0,519
0,278
164,4
164,3
164,2
164,1
164,0
0,4
167,10
167,9
167,8
0,228
0,226
0,221
0,257
0,256
0,253
0,252
0,251
0,250
0,249
0,248
0,247
0,246
0,242
0,521
0,241
0,240
0,239
0,238
0,237
0,236
0,518
0,235
0,233
0,231
0,515
0,220
0,216
0,215
0,214
0,213
0,514
0,212
0,513
0,211
0,210
0,234
0,232
0,516
0,219
0,218
0,203
0,196
0,505
0,195
0,504
166,5
166,4
27,52
27,51
27,50
27,49
27,48
27,47
27,46
27,45
27,44
27,43
27,42
27,41
27,40
27,39
27,38
27,37
0,47
0,314
0,5
0,223
0,222
0,204
0,501
0,202
0,507
189,3
189,2
189,1
189,0
188,3
188,2
188,1
188,0
187,6
187,5
0,553
187,4
187,3
187,2
187,1
187,0
14,14
14,4
186,9
186,8
186,7
186,6
186,5
0,552
0,551
186,4
186,3
186,2
186,1
186,0
185,8
185,7
185,6
185,5
185,4
185,3
185,2
185,1
185,0
184,12
184,11
184,10
184,9
184,8
184,7
184,6
184,5
184,4
184,3
184,2
184,1
184,0
183,4
183,3
183,2
183,1
183,0
182,5
182,4
182,3
182,2
182,1
182,0
181,8
181,7
181,6
181,5
181,4
181,3
181,2
181,1
181,0
180,6
180,5
180,4
180,3
180,2
180,1
180,0
179,3
179,2
179,1
179,0
178,3
178,2
178,1
178,0
177,3
177,2
177,1
177,0
176,5
176,4
176,3
176,2
176,1
176,0
175,5
175,4
175,3
175,2
175,1
175,0
174,7
174,6
174,5
174,4
174,3
174,2
174,1
174,0
173,4
173,3
173,2
0,550
173,1
173,0
172,7
172,6
172,5
172,4
172,3
172,2
172,1
172,0
171,3
171,2
171,1
171,0
170,4
170,3
170,2
170,1
170,0
169,6
169,5
169,4
169,3
169,2
169,1
169,0
168,8
168,7
168,6
168,5
168,4
168,3
168,2
168,1
168,0
167,7
167,6
167,5
167,4
167,3
167,2
167,1
167,0
166,3
166,2
166,1
166,0
165,8
165,7
165,6
165,5
165,4
165,3
165,2
165,1
165,0
0,389
163,5
163,4
163,3
163,2
163,1
163,0
162,4
162,3
162,2
0,319
162,1
162,0
0,311
0,271
161,3
161,2
0,276
0,275
161,1
161,0
160,3
160,2
160,1
160,0
159,3
159,2
159,1
159,0
158,3
158,2
158,1
158,0
157,3
157,2
157,1
157,0
